1 0.11570415851743998 0.4561057240254177 0.1925733892214081 0.3997114480508354
1 0.3308969863262674 0.7836518457773591 0.29510639337059297 0.3936990016215578
1 0.11617348072719005 0.8844528664769357 0.10352866431701005 0.06890573295387128
1 0.577896505198092 0.47041505478524315 0.26799667386477954 0.24186376623205436
1 0.7576692834171936 0.6085304837613551 0.21773840996733257 0.3611398717519414
1 0.8812276118274991 0.4348180685816655 0.2375447763450019 0.555898992693104
1 0.8368887224288203 0.9047825519458694 0.2777734929510302 0.19043489610826114
1 0.4732765083215916 0.9324742422877147 0.08830732863401991 0.13505151542457056
1 0.5981427632959692 0.7376025547852432 0.11198162697434615 0.13927278003177204
1 0.5875623060372178 0.845087772317839 0.08210395020978148 0.0950591298696164
1 0.4150339267645647 0.050936577513414585 0.08631785352912935 0.08889095048646733
1 0.6871960371421713 0.22421398497917103 0.1297844336130419 0.12710006249917613