1 0.1015625 0.53359375 0.15390625 0.34453125
1 0.37734375 0.8078125 0.1734375 0.384375
1 0.18984375 0.95078125 0.109375 0.0984375
1 0.5515625 0.4390625 0.19296875 0.178125
1 0.73046875 0.52421875 0.10625 0.309375
1 0.8875 0.328125 0.225 0.46640625
1 0.8515625 0.85390625 0.190625 0.29140625
1 0.5234375 0.88515625 0.046875 0.1234375
1 0.60625 0.67578125 0.06796875 0.1125
1 0.61171875 0.775 0.0515625 0.0765625
1 0.05078125 0.8796875 0.1015625 0.2390625
1 0.3484375 0.084375 0.05234375 0.0953125
1 0.61484375 0.1921875 0.09140625 0.0953125