1 0.09052433850362598 0.4861755292294598 0.18104867700725197 0.37121708511458984
1 0.31150438689377735 0.7828302542231421 0.23432807402620534 0.40783654671392994
1 0.10025005562886172 0.9130275342440246 0.1252611732831983 0.10975073620994635
1 0.5435036734925953 0.4249937075092121 0.2233776497095498 0.20622858260730742
1 0.7096851375129499 0.5254841378340285 0.15583489288512417 0.33065426959604133
1 0.8713975411514412 0.3366536553850058 0.24657982505966264 0.5033763672470435
1 0.7822299557526963 0.8440318978631585 0.23573640860089 0.27056386724704345
1 0.4467633366461083 0.8771987166804122 0.06697779238978611 0.13146060015828454
1 0.5625104228734228 0.6702009074300698 0.0869264193542568 0.1242391335443795
1 0.5523113234115421 0.7719225318032492 0.06479455417661058 0.08458560015828454
1 0.0210165514905233 0.8301588614410557 0.0420331029810466 0.24905727711788864
1 0.39329192762642445 0.05016081555180198 0.06723034946188075 0.10032163110360395
1 0.644663874897556 0.17941077137840794 0.10807367328319835 0.10925063103709695