1 0.7703691256778662 0.4977113911221833 0.19864762002052547 0.3173038232558145
1 0.5933895109218981 0.706001159782206 0.06760565651766245 0.07618057063492074
1 0.6611491826630669 0.6657080243724606 0.10220791549465283 0.11744592072720579
1 0.5538730138487643 0.7648044632982636 0.07083974082661779 0.09513082973421945
1 0.36788954117251904 0.6344823149317081 0.1194499576491305 0.12792234577334832
1 0.1753959515008105 0.1911793052141007 0.10072722872636941 0.13140829117755654
1 0.23759142447164328 0.13483037322812785 0.0645897408266178 0.09473031153562217
1 0.3837437409248137 0.01606868368401585 0.16123748184962744 0.0321373673680317
1 0.41477609318774994 0.0961219193429299 0.102371541958086 0.14557092072720587
1 0.39138002068445543 0.23908017736249437 0.07543633723582169 0.07980621838316741
1 0.41295049365528824 0.1853346136674039 0.06757838544042354 0.07149307063492083
1 0.6869117310640604 0.526505822028422 0.050363614363184796 0.06570414558877821
1 0.537802586253863 0.6892432587947568 0.058276108313060605 0.0833922933370248