1 0.7125 0.61875 0.12265625 0.26796875
1 0.5 0.75625 0.05078125 0.05625
1 0.57109375 0.7390625 0.07734375 0.08984375
1 0.45 0.79765625 0.0484375 0.0765625
1 0.3140625 0.62109375 0.0921875 0.09375
1 0.2515625 0.1546875 0.0703125 0.10390625
1 0.321875 0.121875 0.0421875 0.078125
1 0.48828125 0.02421875 0.1546875 0.0484375
1 0.4921875 0.140625 0.06953125 0.11875
1 0.43515625 0.26484375 0.05859375 0.05859375
1 0.4671875 0.221875 0.0515625 0.05234375
1 0.6296875 0.61953125 0.03515625 0.053125
1 0.45390625 0.72265625 0.0390625 0.06796875