1 0.7027384054338663 0.64921875 0.1690535576279121 0.2859375
1 0.47172595900458864 0.75234375 0.060493215096963836 0.0640625
1 0.5458356148487873 0.74609375 0.09239778003177221 0.1015625
1 0.41606234009202103 0.7859375 0.062410271103318316 0.084375
1 0.3063758741842782 0.5890625 0.10813187418757346 0.1078125
1 0.30904949188232517 0.115625 0.0879284683433749 0.1140625
1 0.3828864123370204 0.09375 0.05616027110331832 0.084375
1 0.5630181972400564 0.0296875 0.1604113944801128 0.059375
1 0.5508648449665803 0.1390625 0.08976370373287815 0.1296875
1 0.4762933133099551 0.253125 0.06836026217486477 0.0671875
1 0.514701248375147 0.215625 0.06043866801906326 0.0609375
1 0.6204753303527883 0.6359375 0.044759120941162675 0.0578125
1 0.43117309699187983 0.71171875 0.04971935633066593 0.0734375