1 0.37082771046687396 0.08388623649288453 0.17915542093374795 0.13501057878390338
1 0.21081421558737148 0.22405766823232484 0.12063028939195171 0.0926718893637168
1 0.3521371656014889 0.21749539704446313 0.18208299985882573 0.15853908404557523
1 0.7625334232116481 0.5396019703549332 0.1987244682887946 0.1501651419239657
1 0.33665419169808664 0.44628054970353387 0.12835178413027987 0.09156441567207593
1 0.173416986281123 0.5979432182887946 0.12402830517696728 0.09754139988706054
1 0.25261790984570687 0.7279107103256995 0.22395125241907446 0.23572321032569973
1 0.330331928120384 0.8858211918392609 0.16343941567207612 0.1325380261671846
1 0.5628937991388365 0.9170719208631606 0.2344491366622936 0.16585615827367875
1 0.7050834862105357 0.7028762441030436 0.19649411035393455 0.19207962613895013
1 0.5053047521367258 0.5479780995482422 0.13231124203690497 0.07933743145709152