1 0.2821232826965668 0.11288422077845617 0.16189682757475107 0.12150952090551304
1 0.1309148288113688 0.2820829998588256 0.10909320018457014 0.07484735253201383
1 0.2700366880029525 0.25254596025511244 0.16103523442229636 0.1323560156438412
1 0.683342514654853 0.5087314019531991 0.17898419802510174 0.12094807878390341
1 0.26239895897932697 0.4818617339326357 0.11680557063492084 0.07373987884037306
1 0.10766498689553172 0.6571285024896616 0.11251858883351806 0.07971686305535766
1 0.18961828887042995 0.7732533024049569 0.19366606415651583 0.20430661035393455
1 0.27055050895164034 0.9175486049510884 0.14713342072720587 0.1097529735504665
1 0.5011496668789197 0.9220625287274338 0.20546515730897053 0.15587494254513246
1 0.6316031346437784 0.679802765149731 0.17095045496493205 0.16562354195220053
1 0.4301686474437048 0.5559348127165391 0.12371690468807692 0.06013240514873246