0 0.11796875 0.37421875 0.0296875 0.07109375
0 0.05625 0.37109375 0.01328125 0.0390625
0 0.07265625 0.28828125 0.0453125 0.0625
0 0.44375 0.1578125 0.04375 0.09921875
0 0.59453125 0.21875 0.028125 0.07734375
0 0.61171875 0.30859375 0.04296875 0.08984375
0 0.5734375 0.42890625 0.05859375 0.0984375
0 0.45078125 0.44921875 0.04375 0.08359375
0 0.43828125 0.2875 0.06328125 0.0734375
0 0.5078125 0.634375 0.04375 0.075
0 0.63828125 0.5671875 0.1328125 0.1421875
0 0.54140625 0.81171875 0.196875 0.14140625
0 0.3796875 0.821875 0.06953125 0.103125
0 0.27734375 0.5484375 0.10859375 0.21484375
0 0.509375 0.93515625 0.0625 0.0515625
0 0.57265625 0.9296875 0.0421875 0.04453125