0 0.03196700568519486 0.4467798247398008 0.0452662683452643 0.08181656603337366
0 0.0031264580477995464 0.357686347241038 0.006252916095599093 0.071622694482076
0 0.36664292647776847 0.1900473043862702 0.06592737884037314 0.11561171189493055
0 0.5335350238892849 0.24424456071784828 0.0440677893919517 0.08798467887824382
0 0.5577622081889739 0.33955041666531355 0.06372784200867017 0.1045923247398008
0 0.5257625083160308 0.4718749157608024 0.08155237884037306 0.11643058344622811
0 0.3946266294050705 0.5034004754625979 0.06336382096198276 0.0983423247398008
0 0.36943545555813795 0.33046426447217847 0.08156778939195171 0.08994997060135787
0 0.46872574011194085 0.6977070754171694 0.061255289391951705 0.08888543758467105
0 0.6043817900272362 0.6154821528705037 0.17076606826055976 0.17718437697836437
0 0.5173166166038267 0.8859750373120999 0.238408594568919 0.18851802464894368
0 0.3443572587395538 0.9090396438253923 0.09441639988706055 0.12333568068726634
0 0.21602494531714295 0.6233400819758901 0.1579468208208084 0.25128361827193724
0 0.48751645356258655 0.9922538562861496 0.0727696420651398 0.015492287427700901
0 0.5566759772401099 0.9911760351643935 0.053928636803468065 0.017647929671213092