0 0.10946568973237765 0.32915116881430256 0.048090019221876855 0.08306703005422929
0 0.043884955336209876 0.3154659187161067 0.019480340343633062 0.04384999394987581
0 0.06894583107137889 0.22701195189359394 0.06009869629109834 0.07376475292686627
0 0.4856176746943722 0.140187100121637 0.06855964947960161 0.11598861436318471
0 0.644232436114333 0.22913544975229466 0.046855067842395924 0.08930793969514968
0 0.654201657620202 0.3298894286750558 0.06642393939369348 0.10504202400410509
0 0.6005963800305822 0.45523940749962105 0.08418464947960161 0.1160795179539809
0 0.4656448479184066 0.459931973560008 0.06453389077317447 0.0987829336450254
0 0.46724721223361493 0.28174334104645066 0.0844369549975255 0.09108860831306051
0 0.5095121138609231 0.6706785760193361 0.06404256784239593 0.08940793364502539
0 0.6582495070089467 0.6158905611886131 0.17479636137453233 0.17596357806243948
0 0.5300680325624015 0.8690569886853187 0.2440376843053107 0.18573855386194263
0 0.35202824174379865 0.856807494440855 0.09709408525525039 0.12396474082661797
0 0.26760017356271854 0.5431404250608185 0.16318383197589004 0.2524351744716434
0 0.481194520576614 0.9803126512531051 0.07211401741285464 0.03478406615858276
0 0.549449875619568 0.9853859706331418 0.05279080732694617 0.02373748184962743