0 0.03908243215760414 0.27211204255305554 0.07816486431520828 0.18797408510611116
0 0.12568391621508762 0.3032912670018404 0.11460248982323469 0.16184799620027784
0 0.1968651181603955 0.5122318155388197 0.1260379568065479 0.14182643692972227
0 0.297108536861874 0.3158854520317017 0.07044969810012063 0.12336607123840278
0 0.2738834780645897 0.1620331002080905 0.1299818283578454 0.15752417211208342
0 0.1487573253056277 0.14660550911805567 0.14815861827193713 0.14702308320625015
0 0.5290280014703381 0.18909113516170184 0.08754866689245625 0.15185474715020839
0 0.42695981117213344 0.31577896209968787 0.11493668249628844 0.13844686379145843
0 0.4650319419956852 0.4848387398351045 0.10416295680654794 0.1413172906531944
0 0.7191196556996381 0.3828086868328131 0.18194712008095948 0.1961879350298613
0 0.8648072919502567 0.40888349040378547 0.13447897783744703 0.2731128045209029
0 0.13311139812486456 0.7884299864166321 0.09067366689245616 0.1519274823325695
0 0.7437069821369195 0.928576434932952 0.09068031094499088 0.12227634992375017
0 0.903506864542351 0.6256722533215633 0.11469102103089916 0.13375936379145834