0 0.3837280708208085 0.2394501146165023 0.06181673151356133 0.06942270934118148
0 0.482877473338705 0.35790866593732107 0.13270462613895012 0.18735564401654478
0 0.31699007892507775 0.021792089314137248 0.06835515785015547 0.043584178628274496
0 0.40704593152767876 0.04920637527850252 0.0743013209619828 0.09611247867599956
0 0.2444597154461971 0.3583375693030014 0.08062691567207611 0.12429202267663583
0 0.5563806757013096 0.6400575472629123 0.14787459983059073 0.17972495735199914
0 0.6876684730563563 0.6526019059118677 0.19537122611071514 0.217752216024817
0 0.9212735734516443 0.2339769858768693 0.11967400512049764 0.1512908746817266
0 0.72734926820409 0.21981613056973176 0.09368835779368574 0.10726815467854492
0 0.8234841466915273 0.7026189925605049 0.18020125241907436 0.22538290268936265
0 0.7819281653191401 0.4857678472310957 0.05629477360693613 0.08184998400699968
0 0.5635763386013753 0.9112512945974123 0.12492294724210709 0.13417610001590852
0 0.6993703544569781 0.840092815245095 0.10978379465362345 0.08871814934754489
0 0.7785041176111578 0.8430809079010502 0.04233868942018652 0.05670453333863605
0 0.9644705656297237 0.4201412052037332 0.07105886874055259 0.19167951734563576