0 0.13636462516934214 0.11705606914462645 0.13375528154634875 0.20118553248413762
0 0.2335538856847917 0.1859548912844778 0.13244508706427274 0.17618553248413757
0 0.2510191039113004 0.41505211424263583 0.1407555540475859 0.1562004146981227
0 0.39887567051050077 0.26035223447572137 0.08327724672063966 0.13079862141421197
0 0.41474193068726617 0.10182297186184966 0.14626192559888343 0.17198910580511534
0 0.2950944940071062 0.06567216233587005 0.16206398801421235 0.11639387023308559
0 0.6595774751239135 0.22032746831847055 0.10366498982323477 0.1627033858421822
0 0.5268269301214392 0.30615086251335527 0.12957239258219672 0.1511309687818067
0 0.5221405093837959 0.48456603919237756 0.1187167797373263 0.1523115228654907
0 0.7993647506773686 0.47709087820726986 0.20480476594251656 0.21770339908902617
0 0.9276093015033947 0.5560021066077235 0.14478139699321063 0.2880506154237622
0 0.11880854873206066 0.6599776899258663 0.10670810266810493 0.16125001324684404
0 0.684118124715057 0.974320476038201 0.09595430913596861 0.05135904792359795
0 0.9213370844622808 0.7808012099657681 0.1293267311168073 0.14644346878180664