0 0.5038426597629865 0.4671875 0.08572190729444458 0.125
0 0.22371940187920178 0.48203125 0.07529355357097237 0.146875
0 0.060505661378507124 0.21640625 0.09237195079743069 0.1421875
0 0.1579261752462155 0.23984375 0.0998207748856251 0.1265625
0 0.17690929853697923 0.08203125 0.12638327488562512 0.1265625
0 0.29823943787965285 0.0921875 0.09542421561506957 0.1390625
0 0.35056892334635437 0.29296875 0.07612870174736112 0.115625
0 0.1572099279990979 0.7796875 0.060540069338541745 0.1171875
0 0.46428593123013917 0.278125 0.07478440729444458 0.125
0 0.5575254785328474 0.1890625 0.07314917211208342 0.121875
0 0.9117629561157642 0.4046875 0.10145862290951406 0.2640625
0 0.9500124109972574 0.63828125 0.07104115824437507 0.0984375
0 0.7600108857303827 0.93359375 0.08056162860909737 0.1046875
0 0.40207175237163273 0.96171875 0.0830320119678472 0.0765625
0 0.12318303295684105 0.92890625 0.06766158510611117 0.0875