0 0.2952163553389928 0.25333124691768105 0.049892203647222286 0.06560401603912895
0 0.40767802811666637 0.34831547501845594 0.09789590539458341 0.1841327729789593
0 0.2019430532866319 0.037764408545588254 0.057704703647222286 0.06610466378737556
0 0.297454921827743 0.056606441242155005 0.056796820288472286 0.09412953423772626
0 0.09612946438079858 0.0301287885566629 0.07649107123840282 0.0602575771133258
0 0.16837848556361074 0.40733523133997734 0.05596167211208343 0.1252794046880769
0 0.5122693834556592 0.6138625269933542 0.11639133225631966 0.17439682757475125
0 0.6453364565939231 0.5944140152731618 0.15778005167111128 0.20981269586563336
0 0.8335723001524998 0.11508056138796388 0.09237195079743081 0.14789488433001133
0 0.6377688376715623 0.148690505094129 0.07569229065319441 0.1015810888335181
0 0.7877051413394438 0.6110334114802489 0.13924825721819473 0.21798614126984148
0 0.7215755675355899 0.40230805598929303 0.04091724715020835 0.0821907387412331
0 0.5504181212034714 0.8852275848283485 0.10280030452090294 0.12672079117755644
0 0.6792535956522563 0.7794608413067534 0.09705814437666671 0.08110790252860874
0 0.7584326025861104 0.7626855490494627 0.03248649810013902 0.05512759099298634
0 0.9326604975314581 0.2819095111111087 0.10421864057694456 0.18765829117755653