0 0.08451994219219683 0.09768873701054977 0.10260833148532651 0.10521165990702759
0 0.2727024816547357 0.09908126424995797 0.06868835779368573 0.1106204257464694
0 0.4985747369164075 0.11330692725907868 0.08622446828879457 0.14452553218308672
0 0.5318073819653193 0.4450921588217468 0.08945588410204497 0.11985331411407199
0 0.6709902502823487 0.34500431353299427 0.1356476156156063 0.19155335149293878
0 0.7549725952042035 0.5462004627963601 0.18387228398910552 0.24472191015912906
0 0.28975857692952633 0.6682026048471335 0.1645006577089811 0.20602004307885
0 0.5936354638741687 0.7977033426139879 0.055551320961982856 0.09880884059717551
0 0.5376445271554052 0.9240037626604742 0.04968075256024882 0.07816855866619007
0 0.38749187968741916 0.8083901982943006 0.08634629465362362 0.09318155347041035
0 0.924969492883951 0.8867647506794301 0.06506209983059108 0.1819491225281606
0 0.8734077219078509 0.9500860253978228 0.15526289462538861 0.09982794920435438