0 0.4921875 0.4765625 0.0765625 0.11875
0 0.21875 0.48125 0.06484375 0.14140625
0 0.075 0.2171875 0.08125 0.13671875
0 0.16875 0.24375 0.090625 0.11953125
0 0.19609375 0.09140625 0.115625 0.11875
0 0.31328125 0.1046875 0.08515625 0.1328125
0 0.35234375 0.3015625 0.06640625 0.11015625
0 0.13671875 0.76796875 0.05234375 0.1125
0 0.46484375 0.290625 0.06640625 0.1203125
0 0.5609375 0.2078125 0.0640625 0.1171875
0 0.89296875 0.4296875 0.08359375 0.25390625
0 0.9171875 0.6578125 0.06328125 0.09453125
0 0.71484375 0.9375 0.0734375 0.1
0 0.36796875 0.96015625 0.07578125 0.078125
0 0.0953125 0.91171875 0.0609375 0.0828125