0 0.32475001512531054 0.058105868278018336 0.10362496974937896 0.09074062406898657
0 0.48932105435292195 0.11265858932768628 0.07092155405833438 0.10796235731976359
0 0.6865182412194013 0.20077082712657726 0.08985336123992678 0.14008565260503386
0 0.6136427808397962 0.5037095825032607 0.08973518657189175 0.11977315260503385
0 0.7701836723303439 0.4609870432138464 0.14012607201231528 0.1892894400324213
0 0.783836585290914 0.6663659019813521 0.185729463502863 0.24139990363849115
0 0.32929907621572774 0.6194072413135476 0.16520788524403188 0.2045163337461151
0 0.5617110795353775 0.8334120450758732 0.05834883118569749 0.09488016046291677
0 0.4720849772724412 0.9261388924708394 0.05198974687674216 0.07583906203449331
0 0.3737161758463854 0.7754239549196175 0.08646474082661779 0.0946276033908223
0 0.8444548809614332 0.9716825248119936 0.10679542154477702 0.05663495037601294