0 0.30546875 0.278125 0.04375 0.05859375
0 0.421875 0.3703125 0.08125 0.16796875
0 0.19921875 0.0703125 0.05234375 0.0578125
0 0.29375 0.0890625 0.0484375 0.08515625
0 0.0953125 0.046875 0.06875 0.08046875
0 0.19375 0.425 0.0453125 0.11484375
0 0.54375 0.6265625 0.10078125 0.15546875
0 0.67109375 0.609375 0.1390625 0.184375
0 0.81796875 0.1515625 0.07890625 0.13203125
0 0.63046875 0.18125 0.06640625 0.090625
0 0.81015625 0.62734375 0.11953125 0.19609375
0 0.73046875 0.42578125 0.03359375 0.07421875
0 0.6 0.8875 0.090625 0.1109375
0 0.7171875 0.7875 0.0890625 0.0671875
0 0.7921875 0.77265625 0.02734375 0.05
0 0.92734375 0.31328125 0.08828125 0.1703125