0 0.06640625 0.21640625 0.08359375 0.1765625
0 0.16875 0.2578125 0.0890625 0.15
0 0.225 0.4734375 0.10390625 0.1265625
0 0.33828125 0.2875 0.05 0.1171875
0 0.32578125 0.13125 0.1046875 0.14296875
0 0.20234375 0.10390625 0.12578125 0.1296875
0 0.57734375 0.18359375 0.0625 0.14375
0 0.4671875 0.3 0.09375 0.125
0 0.49296875 0.47265625 0.08125 0.1296875
0 0.753125 0.3953125 0.15234375 0.175
0 0.89609375 0.4359375 0.0890625 0.26171875
0 0.1421875 0.74296875 0.06640625 0.1421875
0 0.7390625 0.94296875 0.0703125 0.11328125
0 0.91953125 0.65625 0.09375 0.12109375