0 0.20546875 0.10390625 0.0765625 0.0953125
0 0.37265625 0.11953125 0.0453125 0.090625
0 0.57421875 0.14296875 0.05703125 0.11875
0 0.58515625 0.44296875 0.0625 0.096875
0 0.71640625 0.35859375 0.0953125 0.1546875
0 0.78046875 0.54296875 0.13046875 0.1953125
0 0.35546875 0.63125 0.11953125 0.16171875
0 0.62109375 0.76171875 0.0359375 0.08203125
0 0.5625 0.871875 0.03359375 0.0640625
0 0.43515625 0.76171875 0.06484375 0.071875
0 0.9484375 0.8609375 0.103125 0.153125
0 0.86875 0.93984375 0.13125 0.1203125