0 0.5235114270261111 0.491437281097806 0.10569973370266403 0.14928944183801285
0 0.21913616409398742 0.5132094662274295 0.09544419530200417 0.1719621173323805
0 0.04402513314866801 0.22666068898802116 0.08805026629733602 0.16894637797604234
0 0.13911500963341844 0.2500596201823722 0.11985316191590933 0.15339778763096842
0 0.15377220618906387 0.0960823143661735 0.1390290592503423 0.11575567599857095
0 0.2843773485089319 0.10051807811192837 0.11149509263643723 0.13410148441265973
0 0.3496971569678514 0.3039269373985373 0.09288148495630519 0.13747785668871887
0 0.15880745170322436 0.837783495308423 0.07725648495630519 0.13638525025210163
0 0.4739302788337483 0.2852147782478144 0.09476223370266404 0.1485246173323807
0 0.572288873977468 0.18719217751118022 0.09150084138279588 0.14361859604505717
0 0.9446626644896987 0.4112895032773201 0.09894493151195079 0.2922746173323807
0 0.9772548894833811 0.6632943996906944 0.014029059250342613 0.10701482450563216
0 0.8154546053058634 0.9637989641337423 0.09335284639736088 0.07240207173251534
0 0.430937201307513 0.9918207852851799 0.09194345909205773 0.016358429429640255
0 0.12647702184062637 0.9735738938154842 0.07989810015828455 0.05285221236903155