1 0.29476185145912803 0.4014802739426921 0.10007938947037927 0.1828864123370204
1 0.5980158262313846 0.35830656696010776 0.15475202050323808 0.2728489391223817
1 0.5550024030957413 0.5826929123337251 0.07300596878180662 0.12307503571381488
1 0.4707142270496913 0.44441957061355575 0.0464583377489479 0.033603432629560004
1 0.4486110485565704 0.47295762783772616 0.049637901451278846 0.03522047970746058
1 0.37888139111484176 0.43265418181548565 0.03702877404661713 0.03187729139585791
1 0.4497618315888621 0.551932061685102 0.07136905771188111 0.07620003571381488
1 0.5236110485565704 0.47426675770734245 0.03988095553496294 0.024119338473758488
1 0.30769338267732127 0.5236552828711458 0.06380952885594056 0.03859094155801372
1 0.4577900971979588 0.6130468396882792 0.1035813569862416 0.059585280031772034
1 0.37052073177419664 0.7563239123370205 0.43588300253188866 0.4873521753259592