1 0.3121540413701607 0.38349982291614826 0.12916597743445787 0.20550659084927708
1 0.6243585246771133 0.4155082016484952 0.196047252045064 0.30686127723940826
1 0.5383060497499379 0.6286859088217468 0.09292694906292791 0.1390403566887189
1 0.4803069963055833 0.46962798307527737 0.05269910266556703 0.04266810124083733
1 0.4530170705996204 0.4927705521330279 0.05591503087881229 0.04601162252816078
1 0.3912816002247916 0.43522049606472757 0.041716138558944314 0.040340776735204996
1 0.43976090116186367 0.5716932276273957 0.08375052586424747 0.09161905347041017
1 0.5283664115867049 0.512913443350622 0.044659282132453626 0.03430929802252862
1 0.3030481628403462 0.5081174106633322 0.07011392319868044 0.051682468321116205
1 0.4363571048436451 0.634865216983734 0.1130743130112661 0.0811950056999832
1 0.3224955301538966 0.733801199631683 0.512560116784825 0.532397600736634