1 0.6265583296874999 0.4353767609375 0.655434375 0.43943682656250005 0.714991328125 0.4570304765625 0.7565007359375 0.45026368437500003 0.7763528703125 0.42996330625 0.743867234375 0.41236965468750003 0.686115146875 0.3812424171875 0.6409962828125 0.35011518124999996 0.6030964671875 0.323048009375 0.57602515 0.31898789375000003 0.5381253328125 0.3284614125 0.494811196875 0.35011518124999996 0.5218825140625001 0.379889028125 0.57061083125 0.41236965468750003 0.6265583296874999 0.4353767609375
1 0.29989765625000003 0.3216946203125 0.26560743124999997 0.35688197499999996 0.274631203125 0.4326700328125 0.2980929296875 0.4407901640625 0.33238329218749996 0.452970515625 0.3630640625 0.46785738749999994 0.39013538125 0.4434968921875 0.43886383437500004 0.41372299218749997 0.4587161078125 0.38936254843749996 0.460520834375 0.347408453125 0.4587161078125 0.30545430625000003 0.40096401875 0.27703379687499996 0.3522355640625 0.2892140453125 0.29989765625000003 0.3216946203125
1 0.173564840625 0.9591264859375 0.20785520468750002 0.8901052203125 0.24575502187499998 0.88604520625 0.2186837046875 0.913112378125 0.28906915781250003 0.8928119984375 0.3666736546875 0.8305574218749999 0.40998779062499996 0.8061970296875 0.47856837968750005 0.7574761421875 0.47134933281249997 0.735822321875 0.44066856249999997 0.7249955156250001 0.36847838125 0.716875384375 0.3161404734375 0.7128152671875 0.2277074765625 0.74529589375 0.1681506609375 0.781836534375 0.1358302828125 0.8111035890625 0.0959604796875 0.8522112421875001 0.0977652078125 0.9104055984375 0.1392746171875 0.9496530171875 0.173564840625 0.9591264859375
1 0.7817671890625 0.566652553125 0.7601101906250001 0.5463521734375 0.7330388734375 0.512518209375 0.7294294203125 0.5030446890625 0.6969436453125 0.540938821875 0.680700965625 0.5747727874999999 0.7131864640625001 0.616726778125 0.7709385531249999 0.6221403359375001 0.8070336421875 0.658680925 0.8395192781249999 0.6843947578125 0.8601082625 0.6807718359375 0.879223821875 0.6546208078125 0.8629811421875001 0.61943350625 0.8323003703125 0.5991331265625 0.7817671890625 0.566652553125
1 0.489396878125 0.52063844375 0.44608288125 0.5314651984375 0.426230471875 0.5463521734375 0.43525424375000005 0.569359228125 0.46954460625000005 0.5815395796875 0.49842065 0.588306371875 0.574220421875 0.588306371875 0.6373868296875 0.584246203125 0.6572391015625 0.5747727874999999 0.6662628749999999 0.551765578125 0.655434375 0.5341720296875 0.6141696328124999 0.5098171984375 0.59407269375 0.5030446890625 0.5381253328125 0.5057514171874999 0.489396878125 0.52063844375
1 0.87020005 0.31222110000000003 0.8341049609375 0.2905673828125 0.7946750484375 0.27454299375 0.788986096875 0.300040903125 0.8142528265625 0.314927828125 0.8521525046875 0.3162812171875 0.87020005 0.31222110000000003
1 0.2367312484375 0.7195820609375 0.2186837046875 0.66815439375 0.229512340625 0.6289071296875 0.21687897656250002 0.6018399578125 0.1880029328125 0.611313375 0.1880029328125 0.5774794109375 0.18078388750000002 0.5544724078125001 0.1482983875 0.543645446875 0.06708443593749999 0.5761260203125 0.0454273 0.6031931921875 0.0761082078125 0.61537354375 0.0634748453125 0.6573275875 0.043622571875 0.6898082125 0.038208253125 0.7398824390625001 0.0345988 0.74529589375 0.081522390625 0.8075503671875 0.1176174796875 0.819730615625 0.184393478125 0.7588294796875 0.2367312484375 0.7195820609375
1 0.17536970624999998 0.379889028125 0.173564840625 0.3650021046875 0.1573221609375 0.3609420390625 0.11220329843750002 0.3650021046875 0.0869367078125 0.38259575625000003 0.0869367078125 0.4083095890625 0.104984253125 0.44485028125000003 0.1338602984375 0.452970515625 0.1681506609375 0.47191745156250003 0.20244102343749998 0.48003768593749996 0.2351082625 0.4793500359375 0.2367312484375 0.4597373078125 0.20424574999999998 0.4313166953125 0.1970267046875 0.4083095890625 0.17536970624999998 0.379889028125
1 0.0959604796875 0.061849790625 0.1482983875 0.09433039062500001 0.184393478125 0.1241042890625 0.2114647953125 0.1809453859375 0.2421455671875 0.1741785921875 0.314335746875 0.1525247984375 0.3125310203125 0.14711142187499998 0.27643593125 0.149818096875 0.24395029375 0.13763785 0.18619820625 0.08215016875 0.173564840625 0.0835035328125 0.1464935234375 0.048316204687499996 0.10678897968750001 0.023955734375000003 0.081522390625 0.013128876562499999 0.014746528125 0.0117755640625 0.0039180281249999995 0.030722528125 0.09415575312499999 0.037489320312500005 0.0959604796875 0.061849790625
1 0.5994870125 0.9482996796875 0.6211440125000001 0.9455929 0.6409962828125 0.9212325078125 0.6170853984375 0.9021813703125 0.5778298765625001 0.9239391843750001 0.5994870125 0.9482996796875
1 0.588658375 0 0.48104689062499995 0.02911306875 0.5074444234375 0.030722528125 0.545344378125 0.030722528125 0.5670013765624999 0.03207594375 0.59407269375 0.0266624625 0.6373868296875 0.0212490328125 0.69513891875 0.0212490328125 0.7276245546875 0.0104221484375 0.7925958265624999 0.013128876562499999 0.8034241890624999 0 0.588658375 0
1 0.8395192781249999 0.914465715625 0.8683954609375 0.9185257296874999 0.9387807765625 0.9320593140625 0.9532188671874999 0.9307059765625001 0.9983377296875 0.9076989234375 1 0.865744828125 0.9965328640625 0.8495044625 0.9748758656250001 0.8400309937499999 0.9550237312500001 0.8359708765624999 0.9369761875 0.8332642015625 0.8936619140625 0.83867765625 0.8774192328125 0.8454444484374999 0.8575668234375 0.85762459375 0.8341049609375 0.8698048421875001 0.794400415625 0.8711581796875001 0.7871815078125 0.88604520625 0.8070336421875 0.914465715625 0.8395192781249999 0.914465715625
1 0.7998147343750001 0.66680105625 0.7998147343750001 0.6613876000000001 0.778880825 0.63845633125 0.7601101906250001 0.642440715625 0.7510864171875 0.6627410421875 0.76371964375 0.676274628125 0.7998147343750001 0.66680105625