1 0.7385632109375 0.3801984390625 0.692011578125 0.345822821875 0.6529082359375 0.3160027734375 0.6249772578125 0.3103786 0.5858739125 0.3180616734375 0.5411843171874999 0.3379543765625 0.5691152984375 0.3699695453125 0.619391003125 0.4059284765625 0.677115140625 0.4325529453125 0.70690815625 0.43827420625 0.76835636875 0.4595369140625 0.8111839281250001 0.45482614843749997 0.8316664749999999 0.43505963124999997 0.7981492421875 0.4152540421875 0.7385632109375 0.3801984390625
1 0.43318447187500003 0.42816143125000006 0.483460321875 0.40022615000000006 0.5039430125 0.3762926390625 0.5058050484375001 0.333330671875 0.5039430125 0.2901743734375 0.44435697812499997 0.2578967890625 0.39408112968750003 0.26777502656249996 0.3400812078125 0.29829399687499997 0.3047020828125 0.33256245624999997 0.31401240625 0.41083237031250003 0.3382191734375 0.42042920781250004 0.37359844062500003 0.43477605781250006 0.4052534921875 0.45170642812499995 0.43318447187500003 0.42816143125000006
1 0.45366730468750005 0.8014831390625 0.5244257015625 0.7551703765625 0.5169774109375 0.7325576593750001 0.485322359375 0.719794290625 0.41083974687499997 0.707574634375 0.3568398234375 0.7005904796875 0.265598596875 0.729166675 0.204150528125 0.7634640859374999 0.17080380312500001 0.79176234375 0.129667915625 0.8318067109375 0.1315299515625 0.891630965625 0.17435751093750002 0.9341463578125 0.2097366390625 0.9457150234375 0.24511590625 0.8767215203125 0.28421925 0.8745945374999999 0.2562882703125 0.9009175 0.32890884531250003 0.88387095 0.4089777109375 0.82415375625 0.45366730468750005 0.8014831390625
1 0.766494190625 0.6233422421875 0.8260802234375 0.6320069046875 0.8633215296875001 0.6714527484375 0.8968387609375 0.6995923937499999 0.9180815578124999 0.6969822578125 0.9378041406250001 0.6711713453125 0.9210456656250001 0.6341829953125 0.8893906140625001 0.6116965343749999 0.8372527265624999 0.5756405046874999 0.814908 0.5536397515625 0.7869770234375 0.517457528125 0.7832529484374999 0.507540209375 0.7497355734375 0.5446838656249999 0.7329771015625 0.5785347046875 0.766494190625 0.6233422421875
1 0.6231152203125 0.58669340625 0.6882875046875 0.5859262453125 0.7087701953125001 0.5772718640625001 0.7180805218749999 0.5541443828125 0.70690815625 0.5355046 0.6643330359374999 0.5082872140625 0.6435979078125 0.5002546046874999 0.5858739140625 0.5000212453125 0.5355980640625 0.512677553125 0.4909086109375 0.5214580859375 0.47042577812499997 0.535668603125 0.47973610625 0.5597673375000001 0.5151153749999999 0.5741141875 0.5449083906250001 0.5826134671875 0.6231152203125 0.58669340625
1 0.9284938140625 0.31926760625 0.891252509375 0.2951007359375 0.8505704828124999 0.2765319625 0.8447008765625 0.30239524375000004 0.870769959375 0.319034253125 0.9098731609374999 0.32246324843749996 0.9284938140625 0.31926760625
1 0.21718492656250002 0.5307914953124999 0.1836678359375 0.517930828125 0.0998749 0.5468955375 0.0775300296875 0.57350991875 0.10918522500000001 0.5876624890625 0.09615068437499999 0.6300415515625 0.07566799375 0.6623091171875 0.07008173906250001 0.7134108 0.06635766562499999 0.718772559375 0.11477133749999999 0.7851924 0.1520126421875 0.7996362828125 0.22090914375 0.7407253328125 0.27490892499999997 0.7032612828125 0.2562882703125 0.6495076703125 0.267460775 0.60980954375 0.2544262328125 0.581349465625 0.22463321718749998 0.589518140625 0.22463321875000003 0.5547930375 0.21718492656250002 0.5307914953124999
1 0.1389782421875 0.41420214531250005 0.16877125937499998 0.42409051406250003 0.204150528125 0.44538217343750003 0.23952979531250002 0.4555619703125 0.273234396875 0.456614528125 0.2749089234375 0.4365725859375 0.24139183281249998 0.405654878125 0.23394354375 0.381653228125 0.211598815625 0.3513184171875 0.2097366390625 0.3359422453125 0.19297816406249998 0.33090097812499997 0.14642653125 0.332639446875 0.120357590625 0.3493365109375 0.1203575890625 0.375727609375 0.1389782421875 0.41420214531250005
1 0.128137565625 0 0.1296679140625 0.020628257812500002 0.1836678359375 0.05678145 0.22090914375 0.08928237812499999 0.2488401234375 0.14907770625 0.2804951765625 0.143784084375 0.35497778750000003 0.12544561406250002 0.35311575156249997 0.1197925140625 0.31587444374999996 0.12062765625 0.2823572125 0.10637805 0.22277118125 0.0463203828125 0.2097366375 0.0470294 0.1818056578125 0.009458168749999999 0.167528984375 0 0.128137565625 0
1 0.6715288890625 0.9559160296875 0.692011578125 0.931982571875 0.6673413921875 0.911142646875 0.6268392921875 0.9313605921875 0.6491841609375 0.9575284078124999 0.6715288890625 0.9559160296875
1 0.5627361625 0 0.52698291875 0.0077566562500000005 0.5542187171874999 0.010829357812499999 0.5933222015624999 0.0128693328125 0.6156669296875 0.0154240875 0.6435979078125 0.0113251421875 0.6882875046875 0.0081005265625 0.7478735375000001 0.0112090453125 0.78139076875 0.001845540625 0.8484252328125 0.008120653125 0.8554626921875 0 0.5627361625 0
1 1 0.8581539328125001 0.9973904578124999 0.8576284859375001 0.9527007203125001 0.860853125 0.9359422468749999 0.8669238796875 0.9154594140625001 0.878356271875 0.891252509375 0.8895944890624999 0.8502871296875 0.8888463671875 0.8428389796875001 0.9037369359375 0.8633215296875001 0.9339745484374999 0.8968387609375 0.9357230937500001 0.9266319187500001 0.941444309375 0.999252353125 0.9591228562499999 1 0.9590921484375 1 0.8581539328125001
1 0.85587338125 0.6793981921875 0.8558733828125 0.6738421531250001 0.8342747062500001 0.6491801359375 0.8149080015625 0.6522591296875 0.8055976749999999 0.67260843125 0.818632075 0.6871784578125 0.85587338125 0.6793981921875