2 0.5881652800699795 0.5346526460852689 0.18504246390673593 0.2581772213558171
2 0.3876343290350054 0.4361407787237246 0.20814623195336796 0.1304340293602714
2 0.38399707571101305 0.6182902073917701 0.2547611228251612 0.1481487880330894
2 0.08253842893940344 0.27923406134627216 0.16507685787880688 0.15198176535645347
2 0.34838626534733963 0.22143284138286137 0.18091995850815118 0.08016130935708983
2 0.723990839207475 0.1765412487666772 0.15357713112353083 0.1313601826861809
2 0.055914884123562346 0.5203857726766359 0.11182976824712469 0.21880563868554467
2 0.9244122786200869 0.4416048167965849 0.09467572780418294 0.13691929201145409
2 0.32899915454552586 0.7662186300524976 0.21647895020978147 0.0961862986950898
2 0.644658536717964 0.17092650075585952 0.0974688410815748 0.11197383601209036
2 0.04690719833568165 0.18586532200827235 0.055611382573423504 0.03343066534054513