2 0.40295522483619656 0.2047705804533677 0.08738299756436803 0.08481271751493065
2 0.34719219439738735 0.27875424753145805 0.06819662094116259 0.05937630642076393
2 0.3210172524323367 0.3911276141727081 0.1371102621748646 0.07035148043270852
2 0.7626197402541768 0.7950799238245133 0.12455571509696384 0.06693553970326409
2 0.9134612658217222 0.8845755688667701 0.15602390340856687 0.08016289152687506
2 0.6006027556754523 0.9160860208984717 0.1759545738632619 0.05876067021222227
2 0.5851919898471397 0.9734991306058676 0.13640115016215582 0.029726480432708514
2 0.3771207966675683 0.6500837336637497 0.14058981818121907 0.09073671561506949
2 0.3667542666357962 0.5487212554152427 0.09028980925276535 0.0723854526972918
2 0.5481274030015296 0.23812532826916621 0.07482845048646744 0.08139677678548614
2 0.8069881599013884 0.1578513743376035 0.08352161201270895 0.042552482332569495
2 0.2846943741875735 0.10122996599631921 0.13143300649282175 0.10301851006798621
2 0.22602453206036702 0.18778636825677064 0.11485343262955985 0.04796733415618064
2 0.1225797524323367 0.3957462982526388 0.09234323295387141 0.10054682028847228