2 0.42109375 0.23125 0.08125 0.07734375
2 0.365625 0.29921875 0.0640625 0.0546875
2 0.33671875 0.40625 0.1296875 0.06171875
2 0.74609375 0.81015625 0.1171875 0.06015625
2 0.8875 0.90234375 0.14765625 0.07109375
2 0.58671875 0.9203125 0.1671875 0.05
2 0.571875 0.98046875 0.1296875 0.0328125
2 0.38203125 0.65625 0.13203125 0.08125
2 0.37578125 0.55859375 0.084375 0.06640625
2 0.559375 0.26796875 0.06953125 0.07578125
2 0.81015625 0.2015625 0.078125 0.0375
2 0.3125 0.1265625 0.12265625 0.09375
2 0.253125 0.20703125 0.109375 0.040625
2 0.146875 0.40234375 0.084375 0.09296875