1 0.712344759375 0.3865548453125 0.6600121515625 0.35888503125 0.6158549578125 0.3346962578125 0.5875974296875001 0.3331209125 0.5512953453125 0.346498621875 0.5121346359375 0.3729182671875 0.545919815625 0.40092919687500006 0.6021946015624999 0.42964389843750006 0.6637356328124999 0.4479261171875 0.6938187734375 0.4493281640625 0.7578473234375 0.4616984640625 0.7983826484375001 0.45075695937500004 0.8141006687499999 0.42798096250000006 0.777456846875 0.41301191406250004 0.712344759375 0.3865548453125
1 0.42632111562499997 0.47896994375 0.46921325312500006 0.443682459375 0.48405862187500004 0.4167324078125 0.47686541875 0.37342730468749996 0.4660209625 0.3304686421875 0.401490734375 0.3067942859375 0.35481650781249996 0.3239942203125 0.30885498125 0.3624108578125 0.281731953125 0.40187775 0.3071522703125 0.47892712812499993 0.332631196875 0.48502297031249997 0.369936946875 0.4942535078125 0.40417313281249995 0.50661305 0.42632111562499997 0.47896994375
1 0.326071496875 1 0.3379375171875 0.9556139703125 0.375403334375 0.9478017359375001 0.3538372046875 0.9782275031250001 0.4206735828125 0.9506004921875 0.48579373593749997 0.879148515625 0.52437260625 0.849946265625 0.5832737 0.79327416875 0.571316178125 0.7717054703125 0.537952778125 0.7635199703125 0.46318125625000006 0.76210188125 0.4093646171875 0.762952034375 0.326890125 0.8048337234374999 0.27449890312499997 0.8481173921874999 0.2480958484375 0.8813086890624999 0.21660132499999998 0.9273976968750001 0.230936921875 0.987052471875 0.2488913921875 1 0.326071496875 1
1 0.7903512984375001 0.6260511171875 0.8499357484375001 0.6260726609375 0.8943038140624999 0.6601740406250001 0.9326932187500001 0.683491225 0.9527417515625001 0.67779013125 0.9664569609375 0.64906995 0.9424620593749999 0.6144540859375 0.9070621375 0.5965290671875 0.8489616046874999 0.5679876796875 0.8226899265625001 0.549196409375 0.7880319453125 0.5170113828125 0.7823441921875001 0.5076184125000001 0.7576283796875 0.5496948484375 0.7484709031250001 0.586037859375 0.7903512984375001 0.6260511171875
1 0.6436669 0.6101731125 0.7066917968750001 0.5999352171875 0.7247374140625 0.5882901125 0.728919825 0.56377078125 0.71418389375 0.54672283125 0.6672058875 0.5256455640625 0.6454204 0.520612165625 0.589407178125 0.5287656203125 0.5433148296875 0.5487483203125 0.5018267859375001 0.5640369953125 0.48494477500000005 0.581247646875 0.4990188203125 0.60403431875 0.5363245703125 0.6132648546875 0.5669895703125001 0.6174496140625 0.6436669 0.6101731125
1 0.883723434375 0.2979244359375 0.8425555875 0.279127840625 0.7992244390625001 0.2664387328125 0.7989508812499999 0.2931985546875 0.8277103562500001 0.3060778796875 0.866339746875 0.30383103125 0.883723434375 0.2979244359375
1 0.238402175 0.6131578140625 0.203213121875 0.6051454015625 0.12804124374999998 0.6463340343749999 0.11195197500000001 0.6762400609375 0.1456064828125 0.685817090625 0.141845671875 0.73016165 0.1287458875 0.7654598375 0.1340332859375 0.8174595328125 0.13154576875 0.8233714531249999 0.1923953828125 0.8828690781249999 0.23152673125 0.891926259375 0.2859839671875 0.8229052171875001 0.3304906953125 0.777531784375 0.3011788609375 0.7263929078125 0.30369592343749996 0.6850043593749999 0.2850976984375 0.6583901 0.25792383750000003 0.67090145625 0.2506505875 0.6361176828125 0.238402175 0.6131578140625
1 0.1381596390625 0.507734796875 0.1691155890625 0.5133109921875 0.2078759453125 0.5294980703125 0.24430889374999998 0.5345545109375001 0.277206509375 0.5307116187500001 0.27463215937499996 0.5103925109375 0.2356610171875 0.484292546875 0.22341258437499997 0.46133257343749995 0.19539531875 0.43419316406249997 0.190369334375 0.4190615875 0.17306581875 0.41644678281249997 0.1282973875 0.4249520734375 0.106520365625 0.44546512343750005 0.11204803906250001 0.4719008109375 0.1381596390625 0.507734796875
1 0.046698207812499996 0.11484873124999999 0.106624365625 0.14321689843750002 0.149537803125 0.17036163124999998 0.18914160156249998 0.22619965625 0.21872292343750002 0.21629765937499998 0.28709398125 0.18710599375 0.28410465 0.18171389375 0.24817352812500001 0.1879615515625 0.212693421875 0.17855787343750001 0.14234459375 0.1270565 0.1298559 0.1296606140625 0.0949069875 0.0960842328125 0.0495060296875 0.0748513921875 0.0216194828125 0.0661460953125 0.004712849999999999 0.067396884375 0.00633468125 0.0905901640625 0.03963584375 0.0899776453125 0.046698207812499996 0.11484873124999999
1 0.7679392234375 0.9729851140625 0.78278460625 0.9460351171875001 0.754501496875 0.9287445203125 0.7194687531249999 0.9548815203125001 0.7466133687500001 0.9778468734375 0.7679392234375 0.9729851140625
1 0.4562546390625 0.043346684375 0.4945933734375 0.039708426562499996 0.5167920453125 0.039020840625 0.54301304375 0.030856640624999997 0.563284271875 0.0262353859375 0.484413775 0.022561934375000002 0.429205509375 0.044226109375 0.4562546390625 0.043346684375
1 1 0.8500936734375 0.9881887296875 0.859851578125 0.9670736156249999 0.8746260093749999 0.9272003249999999 0.87982883125 0.9230980875 0.8958267640625 0.9492895828125001 0.9231393796875 0.9821513156250001 0.9200208765625 1 0.9208526859375 1 0.8500936734375
1 0.8887469031249999 0.6692151140625 0.887583178125 0.6636496875 0.8614774031250001 0.6420842578125 0.8433459734375001 0.6479824062499999 0.8385816671875 0.6697188656249999 0.8542704546875 0.6824196312499999 0.8887469031249999 0.6692151140625