2 0.3647740716875831 0.27285705037736036 0.09849945499752559 0.09882706220555537
2 0.3161484639310955 0.34708607082972154 0.07687676051544959 0.07204994872768503
2 0.29861572591688307 0.45699831305402716 0.1434025192218769 0.09497889227157383
2 0.7527621568312919 0.8365632761553226 0.13065685775648744 0.08919778397749986
2 0.8905653720055827 0.9176847199820353 0.13616322930778502 0.10523288708777763
2 0.6042726679125683 0.9567057871350457 0.1790124706013579 0.08658842572990863
2 0.5955693752849431 0.9940738670596522 0.13715916327441152 0.011852265880695611
2 0.3702572732942067 0.707348919039027 0.1506351650834338 0.1142756964186109
2 0.3535002204898162 0.6077788545243974 0.09948874491161738 0.08802626324231469
2 0.5077052001362856 0.301058545759212 0.08575379353213641 0.09304595391148132
2 0.7531172766851087 0.2157921549017578 0.0869953889641522 0.057381855984999855
2 0.24431880879728435 0.1752022174366199 0.1433958751693421 0.12452969123481453
2 0.1926943537997587 0.2617261863338422 0.1186548247398008 0.06792837672018504
2 0.10663958785724222 0.46610203656939786 0.10556832654882312 0.11499886635259245