0 0.37846073331731545 0.30285562933448334 0.102106470028518 0.2608912683452643
0 0.5247485558904634 0.18551766893819654 0.11726257832259215 0.27421031570031096
0 0.6093675636661577 0.1689301374387526 0.06497832544787005 0.19188366311182734
0 0.3022775250705096 0.1697161766189428 0.0701552580585183 0.09114021046687397
0 0.2515079625821303 0.3413405476373953 0.11909989745537006 0.15306335779368574
0 0.6737813781807874 0.14341492697187866 0.042440361168796056 0.09418961575678067
0 0.6644467514606024 0.2589944243410427 0.061209485014259005 0.13103716837349919
0 0.7484219188026858 0.3030713770565832 0.10945149538185159 0.1493923262236546
0 0.38538078289268685 0.8278864504376404 0.11314242337435143 0.1915798262236546
0 0.5212764925536122 0.5805725637047596 0.058748866352592445 0.10291216837349922
0 0.5845092244103253 0.604094092714542 0.049373866352592444 0.10236613680346807
0 0.6850457581050011 0.5477160191217232 0.05445234561740726 0.07157116311182729
0 0.8425908753060654 0.21286433503379562 0.0523225005656478 0.15383763154179625