0 0.5171875 0.4578125 0.09296875 0.19453125
0 0.75 0.7015625 0.04375 0.078125
0 0.23984375 0.09921875 0.06484375 0.04375
0 0.365625 0.11640625 0.05546875 0.0828125
0 0.4609375 0.2890625 0.09375 0.121875
0 0.13046875 0.08125 0.034375 0.053125
0 0.71015625 0.828125 0.0671875 0.121875
0 0.63828125 0.7359375 0.03671875 0.09609375
0 0.6109375 0.834375 0.103125 0.10078125
0 0.83359375 0.76015625 0.06484375 0.14765625
0 0.928125 0.77421875 0.1 0.134375
0 0.2453125 0.55390625 0.0765625 0.11640625
0 0.77265625 0.24765625 0.07421875 0.08828125
0 0.9 0.5390625 0.06875 0.0890625