0 0.4905690840128269 0.4304714782139891 0.13816602191409721 0.2226628616727176
0 0.7729882974882331 0.6203829179104154 0.06092959172016936 0.0914818458553869
0 0.14209026826394458 0.1339545528520188 0.07600912094116259 0.06086851581733077
0 0.2742442491892211 0.1215434416735927 0.0751011858759707 0.0983048488211364
0 0.40197200852471193 0.27325849749136105 0.12279439204448099 0.14708985870696817
0 0.027959584416568723 0.14250849357420936 0.04637616801906327 0.06278384288963731
0 0.7541956128300783 0.7577701713704565 0.09615007142762995 0.14132001977166359
0 0.6641666765470704 0.6825884406478284 0.0580773271096728 0.10697951186299796
0 0.6537319626679226 0.7884073591268976 0.1271273360381265 0.1269683596955513
0 0.8683320251670988 0.6594361476444603 0.09814894805083511 0.16638368676785795
0 0.9457575957839497 0.651597131332838 0.08710235389503396 0.15968801779449712
0 0.2301110507346439 0.5925390325860638 0.1039080243497292 0.13851335475263546
0 0.7131606988649095 0.15674618224487152 0.0940148271096728 0.10844385277546911
0 0.8967099898570255 0.42016805920344735 0.0893273271096728 0.10825285178688589