0 0.5558161465389256 0.4378082110315713 0.15036292740790563 0.22372446828879458
0 0.7401247060135784 0.7248546427710116 0.06708568068726617 0.09114021046687401
0 0.34933161465389256 0.029271729094486942 0.07811171189493056 0.058543458188973885
0 0.47136042288534996 0.06736617939095305 0.07999511646291495 0.09968075256024875
0 0.5322956801214392 0.2581585083866179 0.12940861827193723 0.15084841041040423
0 0.2446098151288624 0.009990379052134641 0.04859463025772479 0.019980758104269282
0 0.6750496619156152 0.8438391321770806 0.10251856965141819 0.14305132096198286
0 0.6225653917892272 0.7395380400272362 0.06477955223856355 0.10658319994353035
0 0.5757114032091879 0.8323849636624072 0.13311347241038013 0.13237142619541978
0 0.811406563770066 0.7990664165191221 0.10843437697836436 0.16676183674699843
0 0.90321560549318 0.8313336139729908 0.1395206026681052 0.16545694198043534
0 0.267487308908826 0.4835959370716993 0.11016729534115868 0.14038134727034207
0 0.8497631411118587 0.27493169552890445 0.09923643939369349 0.11014781570031093
0 0.921155620758328 0.5904965113703897 0.09454893939369349 0.10987479991529554