0 0.42029311352501664 0.27196929106203765 0.12240165467194845 0.28733574505632137
0 0.5805649875940032 0.15797285701769503 0.13868162613590124 0.3024908514929388
0 0.6705906741117678 0.14778412000714528 0.07835624813797323 0.21105746832111633
0 0.34624779962849644 0.12296334453244788 0.08122007485477489 0.105353771539425
0 0.2841180190255346 0.30329533673877773 0.13591188296032675 0.17614687278026225
0 0.7402139693970382 0.12422665168602894 0.04848034946188058 0.10462179802252858
0 0.7250897754356754 0.24831971554799934 0.07380998924663303 0.14688570767745457
0 0.8113140657585468 0.3030293588592804 0.12468328453190329 0.16913204827463008
0 0.40012593114559036 0.8387197484873907 0.1299187481379732 0.21466306956195352
0 0.5576816817647628 0.5824101283050185 0.06922949710451576 0.11541718639013113
0 0.6231953658013282 0.6136494206275639 0.05821922249741007 0.11308986188449896
0 0.7315194421038451 0.5616884468585659 0.06137845574818694 0.08060514381548423
0 0.9159523699351574 0.2131695473430985 0.06232883374611511 0.1678866225281607