0 0.39375 0.34296875 0.07734375 0.2453125
0 0.52578125 0.2390625 0.090625 0.25703125
0 0.60703125 0.22734375 0.046875 0.18203125
0 0.30859375 0.2109375 0.06171875 0.08515625
0 0.27421875 0.3734375 0.10390625 0.14140625
0 0.6671875 0.20625 0.0328125 0.08828125
0 0.66875 0.3171875 0.04921875 0.12421875
0 0.75390625 0.36484375 0.09375 0.1375
0 0.4453125 0.85078125 0.09453125 0.17890625
0 0.55703125 0.61953125 0.04921875 0.0953125
0 0.6203125 0.64609375 0.0390625 0.0953125
0 0.71328125 0.59765625 0.046875 0.065625
0 0.8375 0.2828125 0.0375 0.1453125